route_id,service_id,trip_id,trip_headsign,direction_id,block_id,shape_id,agency_raw_name,arrival_time,departure_time,stop_id,stop_sequence,stop_headsign,pickup_type,drop_off_type,shape_dist_traveled,arrival_h,arrival_m,departure_h,departure_m,tod,trip_num_x,trip_num_y,trip_num
5871,4,201382,ROUNDTRIP MALL TRANSFER METRO HOPPER ARR,0,24394,26095,sjrtd_2015_0127,27600.0,27600.0,3179,1,,0,0,,7,40,7,40,AM,4,,4.0
5871,4,201385,ROUNDTRIP MALL TRANSFER METRO HOPPER ARR,0,24394,26095,sjrtd_2015_0127,38100.0,38100.0,3179,1,,0,0,,10,35,10,35,MD,5,,5.0
5871,4,201390,ROUNDTRIP MALL TRANSFER METRO HOPPER ARR,0,24394,26095,sjrtd_2015_0127,56100.0,56100.0,3179,1,,0,0,,15,35,15,35,PM,3,,3.0
5872,4,201393,ROUNDTRIP MALL TRANSFER METRO HOPPER ARR,0,24395,26098,sjrtd_2015_0127,30900.0,30900.0,3179,1,,0,0,,8,35,8,35,AM,2,,2.0
5872,4,201395,ROUNDTRIP MALL TRANSFER METRO HOPPER ARR,0,24395,26098,sjrtd_2015_0127,38100.0,38100.0,3179,1,,0,0,,10,35,10,35,MD,5,,5.0
5872,4,201399,ROUNDTRIP MALL TRANSFER METRO HOPPER ARR,0,24395,26098,sjrtd_2015_0127,56100.0,56100.0,3179,1,,0,0,,15,35,15,35,PM,3,,3.0
5873,4,201403,,0,24396,26100,sjrtd_2015_0127,30900.0,30900.0,3179,1,,0,0,,8,35,8,35,AM,2,,2.0
5873,4,201405,,0,24396,26100,sjrtd_2015_0127,38100.0,38100.0,3179,1,,0,0,,10,35,10,35,MD,5,,5.0
5873,4,201410,,0,24396,26100,sjrtd_2015_0127,56100.0,56100.0,3179,1,,0,0,,15,35,15,35,PM,3,,3.0
5874,4,201413,SOUTHBOUND DTC WEBER AVE ARR,0,24397,26102,sjrtd_2015_0127,30900.0,30900.0,3179,1,,0,0,,8,35,8,35,AM,2,,2.0
5874,4,201415,SOUTHBOUND DTC WEBER AVE ARR,0,24397,26102,sjrtd_2015_0127,38100.0,38100.0,3179,1,,0,0,,10,35,10,35,MD,5,,5.0
5874,4,201420,SOUTHBOUND DTC WEBER AVE ARR,0,24398,26102,sjrtd_2015_0127,56100.0,56100.0,3179,1,,0,0,,15,35,15,35,PM,3,,3.0
5874,4,201423,NORTHBOUND MALL TRANSFER METRO HOPPER ARR,1,24397,26103,sjrtd_2015_0127,34800.0,34800.0,2874,1,,0,0,,9,40,9,40,AM,1,,1.0
5874,4,201424,NORTHBOUND MALL TRANSFER METRO HOPPER ARR,1,24398,26103,sjrtd_2015_0127,38400.0,38400.0,2874,1,,0,0,,10,40,10,40,MD,5,,5.0
5874,4,201429,NORTHBOUND MALL TRANSFER METRO HOPPER ARR,1,24397,26103,sjrtd_2015_0127,56400.0,56400.0,2874,1,,0,0,,15,40,15,40,PM,2,,2.0
5875,4,201431,NORTHBOUND MALL TRANSFER METRO HOPPER ARR,0,24399,26104,sjrtd_2015_0127,34200.0,34200.0,2875,1,,0,0,,9,30,9,30,AM,1,,1.0
5875,4,201432,NORTHBOUND MALL TRANSFER METRO HOPPER ARR,0,24400,26104,sjrtd_2015_0127,37800.0,37800.0,2875,1,,0,0,,10,30,10,30,MD,5,,5.0
5875,4,201437,NORTHBOUND MALL TRANSFER METRO HOPPER ARR,0,24399,26104,sjrtd_2015_0127,55860.0,55860.0,2875,1,,0,0,,15,31,15,31,PM,2,,2.0
5875,4,201439,SOUTHBOUND FREMONT ST & EASTLAND PLAZA MB WB,1,24399,26106,sjrtd_2015_0127,30900.0,30900.0,3179,1,,0,0,,8,35,8,35,AM,2,,2.0
5875,4,201441,SOUTHBOUND FREMONT ST & EASTLAND PLAZA MB WB,1,24399,26106,sjrtd_2015_0127,38100.0,38100.0,3179,1,,0,0,,10,35,10,35,MD,5,,5.0
5875,4,201446,SOUTHBOUND FREMONT ST & EASTLAND PLAZA MB WB,1,24400,26106,sjrtd_2015_0127,56100.0,56100.0,3179,1,,0,0,,15,35,15,35,PM,3,,3.0
5876,4,201449,61-BIANCHI-WEST LANE-HOLMAN-WALMART-LORRAINE-MALLS,0,24401,26107,sjrtd_2015_0127,30900.0,30900.0,3179,1,,0,0,,8,35,8,35,AM,2,,2.0
5876,4,201451,61-BIANCHI-WEST LANE-HOLMAN-WALMART-LORRAINE-MALLS,0,24401,26107,sjrtd_2015_0127,38100.0,38100.0,3179,1,,0,0,,10,35,10,35,MD,5,,5.0
5876,4,201456,61-BIANCHI-WEST LANE-HOLMAN-WALMART-LORRAINE-MALLS,0,24401,26107,sjrtd_2015_0127,56100.0,56100.0,3179,1,,0,0,,15,35,15,35,PM,3,,3.0
5877,4,201459,72-LINCOLN-COMMERCE-DTC,0,24402,26109,sjrtd_2015_0127,33000.0,33000.0,2647,1,,0,0,,9,10,9,10,AM,1,,1.0
5877,4,201460,72-LINCOLN-COMMERCE-DTC,0,24402,26109,sjrtd_2015_0127,36600.0,36600.0,2647,1,,0,0,,10,10,10,10,MD,5,,5.0
5877,4,201465,72-LINCOLN-COMMERCE-DTC,0,24402,26109,sjrtd_2015_0127,54600.0,54600.0,2647,1,,0,0,,15,10,15,10,PM,3,,3.0
5877,4,201468,,1,24402,26110,sjrtd_2015_0127,30900.0,30900.0,2874,1,,0,0,,8,35,8,35,AM,2,,2.0
5877,4,201470,,1,24402,26110,sjrtd_2015_0127,38100.0,38100.0,2874,1,,0,0,,10,35,10,35,MD,5,,5.0
5877,4,201475,,1,24402,26110,sjrtd_2015_0127,56100.0,56100.0,2874,1,,0,0,,15,35,15,35,PM,3,,3.0
5878,4,201478,EASTBOUND FRONTAGE RD & SHDW LK MBLHM PRK -NB,0,24403,26111,sjrtd_2015_0127,30900.0,30900.0,3179,1,,0,0,,8,35,8,35,AM,2,,2.0
5878,4,201480,EASTBOUND FRONTAGE RD & SHDW LK MBLHM PRK -NB,0,24403,26111,sjrtd_2015_0127,38100.0,38100.0,3179,1,,0,0,,10,35,10,35,MD,5,,5.0
5878,4,201485,EASTBOUND FRONTAGE RD & SHDW LK MBLHM PRK -NB,0,24403,26111,sjrtd_2015_0127,56100.0,56100.0,3179,1,,0,0,,15,35,15,35,PM,3,,3.0
5878,4,201488,WESTBOUND MALL TRANSFER METRO HOPPER ARR,1,24403,26112,sjrtd_2015_0127,32160.0,32160.0,2187,1,,0,0,,8,56,8,56,AM,2,,2.0
5878,4,201490,WESTBOUND MALL TRANSFER METRO HOPPER ARR,1,24403,26112,sjrtd_2015_0127,39360.0,39360.0,2187,1,,0,0,,10,56,10,56,MD,5,,5.0
5878,4,201495,WESTBOUND MALL TRANSFER METRO HOPPER ARR,1,24403,26112,sjrtd_2015_0127,57360.0,57360.0,2187,1,,0,0,,15,56,15,56,PM,2,,2.0
5889,4,201522,231-LODI STATION via WEST LANE,0,24425,26137,sjrtd_2015_0127,27900.0,27900.0,2497,1,,0,0,,7,45,7,45,AM,2,,2.0
5889,4,201523,231-LODI STATION via WEST LANE,0,24426,26137,sjrtd_2015_0127,38700.0,38700.0,2497,1,,0,0,,10,45,10,45,MD,3,,3.0
5889,4,201526,231-LODI STATION via WEST LANE,0,24428,26137,sjrtd_2015_0127,58500.0,58500.0,2497,1,,0,0,,16,15,16,15,PM,2,,2.0
5889,4,201529,232-KAISER via WEST LANE-MALLS-DTC,1,24430,26139,sjrtd_2015_0127,24900.0,24900.0,1430,1,,0,0,,6,55,6,55,AM,4,,4.0
5889,4,201532,232-KAISER via WEST LANE-MALLS-DTC,1,24426,26139,sjrtd_2015_0127,43200.0,43200.0,1430,1,,0,0,,12,0,12,0,MD,2,,2.0
5889,4,201534,232-KAISER via WEST LANE-MALLS-DTC,1,24427,26139,sjrtd_2015_0127,55800.0,55800.0,1430,1,,0,0,,15,30,15,30,PM,2,,2.0
5890,4,201536,3101-MLK BLVD-DTC,0,24431,26141,sjrtd_2015_0127,24360.0,24360.0,1741,1,,0,0,,6,46,6,46,AM,1,,1.0
5890,4,201537,3101-MLK BLVD-DTC,0,24432,26141,sjrtd_2015_0127,52200.0,52200.0,1741,1,,0,0,,14,30,14,30,MD,1,,1.0
5890,4,201538,3102-MLK BLVD-EL DORADO-8TH STREET,1,24431,26142,sjrtd_2015_0127,23580.0,23580.0,2491,1,,0,0,,6,33,6,33,AM,2,,2.0
5890,4,201540,3102-MLK BLVD-EL DORADO-8TH STREET,1,24432,26142,sjrtd_2015_0127,51300.0,51300.0,2491,1,,0,0,,14,15,14,15,MD,1,,1.0
5891,4,201541,AMTRK-DTC,0,24433,26144,sjrtd_2015_0127,23820.0,23820.0,1777,1,,0,0,,6,37,6,37,AM,1,,1.0
5891,4,201542,3151-MLK BLVD-SAN JOAQUIN-DTC,0,24434,26143,sjrtd_2015_0127,53400.0,53400.0,1777,1,,0,0,,14,50,14,50,MD,1,,1.0
5891,4,202888,,0,24434,26323,sjrtd_2015_0127,56700.0,56700.0,1777,1,,0,0,,15,45,15,45,PM,1,,1.0
5891,4,201543,3152-ARGONAUT-8TH-HOUSTON,1,24433,26145,sjrtd_2015_0127,22860.0,22860.0,640,1,,0,0,,6,21,6,21,AM,1,,1.0
5891,4,201544,3152-ARGONAUT-8TH-HOUSTON,1,24434,26146,sjrtd_2015_0127,51420.0,51420.0,2493,1,,0,0,,14,17,14,17,MD,1,,1.0
5891,4,201545,3152-ARGONAUT-8TH-HOUSTON,1,24434,26146,sjrtd_2015_0127,54600.0,54600.0,2493,1,,0,0,,15,10,15,10,PM,1,,1.0
5892,4,201546,3401-ALPINE-HOLMAN-MORADA,0,24432,26147,sjrtd_2015_0127,54600.0,54600.0,3071,1,,0,0,,15,10,15,10,PM,1,,1.0
5892,4,201547,3402-HOLMAN-ALPINE-FARM,1,24435,26148,sjrtd_2015_0127,22140.0,22140.0,1691,1,,0,0,,6,9,6,9,AM,1,,1.0
5893,4,201549,3453-KERMIT-HAMMER-KAISER,0,24436,26149,sjrtd_2015_0127,23220.0,23220.0,2854,1,,0,0,,6,27,6,27,AM,2,,2.0
5893,4,201550,3452-TAM OSHANTER-KERMIT-MALLS,1,24436,26150,sjrtd_2015_0127,25800.0,25800.0,3079,1,,0,0,,7,10,7,10,AM,2,,2.0
5893,4,201552,3452-TAM O'SHANTER-KERMIT-MALLS,1,24437,26151,sjrtd_2015_0127,52560.0,52560.0,2808,1,,0,0,,14,36,14,36,MD,1,,1.0
5894,4,201553,3601-ALPINE-HOLMAN,0,24438,26153,sjrtd_2015_0127,24000.0,24000.0,2087,1,,0,0,,6,40,6,40,AM,1,,1.0
5894,4,201554,3602-SANGUINETTI-CHEROKEE-DTC,1,24574,26154,sjrtd_2015_0127,52680.0,52680.0,2808,1,,0,0,,14,38,14,38,MD,1,,1.0
5895,4,201555,3652-SWAIN-KELLEY-DON-OTTO,0,24571,26157,sjrtd_2015_0127,23100.0,23100.0,2540,1,,0,0,,6,25,6,25,AM,2,,2.0
5895,4,201558,3652-SWAIN-KELLEY-DON-OTTO,0,24572,26157,sjrtd_2015_0127,57300.0,57300.0,2540,1,,0,0,,15,55,15,55,PM,4,,4.0
5895,4,201562,3652-SWAIN-KELLEY-DON-OTTO,1,24571,26158,sjrtd_2015_0127,24060.0,24060.0,1784,1,,0,0,,6,41,6,41,AM,3,,3.0
5895,4,202886,3652-SWAIN-KELLEY-DON-OTTO,1,24572,26158,sjrtd_2015_0127,62760.0,62760.0,1784,1,,0,0,,17,26,17,26,PM,3,,3.0
5896,4,201569,3751-CALWORKS-CHEROKEE-HOLMAN-MORADA,0,24443,26161,sjrtd_2015_0127,24000.0,24000.0,2491,1,,0,0,,6,40,6,40,AM,1,,1.0
5896,4,201570,3751-CALWORKS-CHEROKEE-HOLMAN-MORADA,0,24442,26161,sjrtd_2015_0127,55200.0,55200.0,2491,1,,0,0,,15,20,15,20,PM,3,,3.0
5896,4,201573,3752-HOLMAN-CHEROKEE-DTC,1,24443,26163,sjrtd_2015_0127,26100.0,26100.0,3079,1,,0,0,,7,15,7,15,AM,1,,1.0
5896,4,201574,,1,24442,26164,sjrtd_2015_0127,52200.0,52200.0,3079,1,,0,0,,14,30,14,30,MD,1,,1.0
5896,4,201572,MORADA-HAMMER,1,24442,26165,sjrtd_2015_0127,62700.0,62700.0,3079,1,,0,0,,17,25,17,25,PM,3,,3.0
5897,4,201576,3802-AIRPORT WAY-10TH STREET,0,24444,26166,sjrtd_2015_0127,51300.0,51300.0,3071,1,,0,0,,14,15,14,15,MD,2,,2.0
5897,4,201578,3802-AIRPORT WAY-10TH STREET,1,24446,26167,sjrtd_2015_0127,23460.0,23460.0,3031,1,,0,0,,6,31,6,31,AM,2,,2.0
5898,4,201580,3901-POCK-ORO/FARM-DTC,0,24574,26169,sjrtd_2015_0127,55200.0,55200.0,2493,1,,0,0,,15,20,15,20,PM,1,,1.0
5898,4,201581,3902-FARM-TOGNINALI-FRONTAGE 99,1,24443,26170,sjrtd_2015_0127,21660.0,21660.0,3057,1,,0,0,,6,1,6,1,AM,1,,1.0
5899,4,201602,401-METRO EXPRESS-PACIFIC AVENUE,0,24454,26171,sjrtd_2015_0127,21420.0,21420.0,2988,1,,0,0,,5,57,5,57,EA,1,1.0,1.0
5899,4,201582,401-METRO EXPRESS-PACIFIC AVENUE,0,24448,26171,sjrtd_2015_0127,22800.0,22800.0,2988,1,,0,0,,6,20,6,20,AM,21,,21.0
5899,4,201616,401-METRO EXPRESS-PACIFIC AVENUE,0,24455,26171,sjrtd_2015_0127,36300.0,36300.0,2988,1,,0,0,,10,5,10,5,MD,30,,30.0
5899,4,201638,401-METRO EXPRESS-PACIFIC AVENUE,0,24455,26171,sjrtd_2015_0127,54300.0,54300.0,2988,1,,0,0,,15,5,15,5,PM,13,,13.0
5899,4,201647,401-METRO EXPRESS-PACIFIC AVENUE,0,24460,26171,sjrtd_2015_0127,68400.0,68400.0,2988,1,,0,0,,19,0,19,0,NT,6,6.0,6.0
5899,4,201692,402-METRO EXPRESS-DTC,1,24452,26173,sjrtd_2015_0127,20100.0,20100.0,2540,1,,0,0,,5,35,5,35,EA,2,2.0,2.0
5899,4,201696,402-METRO EXPRESS- DTC,1,24455,26172,sjrtd_2015_0127,23640.0,23640.0,2540,1,,0,0,,6,34,6,34,AM,22,,22.0
5899,4,201682,402-METRO EXPRESS- DTC,1,24452,26172,sjrtd_2015_0127,36600.0,36600.0,2540,1,,0,0,,10,10,10,10,MD,30,,30.0
5899,4,201666,402-METRO EXPRESS-DTC,1,24450,26173,sjrtd_2015_0127,54000.0,54000.0,2540,1,,0,0,,15,0,15,0,PM,15,,15.0
5899,4,201722,402-METRO EXPRESS- DTC,1,24461,26172,sjrtd_2015_0127,68400.0,68400.0,2540,1,,0,0,,19,0,19,0,NT,6,6.0,6.0
5900,4,201842,431-METRO EXPRESS-HOLMAN,0,24469,26174,sjrtd_2015_0127,19500.0,19500.0,1175,1,,0,0,,5,25,5,25,EA,2,2.0,2.0
5900,4,201844,431-METRO EXPRESS-HOLMAN,0,24469,26174,sjrtd_2015_0127,22500.0,22500.0,1175,1,,0,0,,6,15,6,15,AM,15,,15.0
5900,4,201859,431-METRO EXPRESS-HOLMAN,0,24472,26174,sjrtd_2015_0127,36300.0,36300.0,1175,1,,0,0,,10,5,10,5,MD,20,,20.0
5900,4,201879,431-METRO EXPRESS-HOLMAN,0,24472,26174,sjrtd_2015_0127,54300.0,54300.0,1175,1,,0,0,,15,5,15,5,PM,11,,11.0
5900,4,201891,432-METRO EXPRESS-MARINERS,1,24470,26175,sjrtd_2015_0127,19500.0,19500.0,2541,1,,0,0,,5,25,5,25,EA,2,2.0,2.0
5900,4,201893,432-METRO EXPRESS-MARINERS,1,24470,26175,sjrtd_2015_0127,22500.0,22500.0,2541,1,,0,0,,6,15,6,15,AM,15,,15.0
5900,4,201908,432-METRO EXPRESS-MARINERS,1,24471,26175,sjrtd_2015_0127,36300.0,36300.0,2541,1,,0,0,,10,5,10,5,MD,20,,20.0
5900,4,201931,432-METRO EXPRESS-MARINERS,1,24471,26175,sjrtd_2015_0127,54300.0,54300.0,2541,1,,0,0,,15,5,15,5,PM,12,,12.0
5900,4,201940,432-METRO EXPRESS-MARINERS,1,24469,26175,sjrtd_2015_0127,69300.0,69300.0,2541,1,,0,0,,19,15,19,15,NT,1,1.0,1.0
5901,4,202025,441-METRO EXPRESS- DTC,0,24448,26177,sjrtd_2015_0127,21900.0,21900.0,3215,1,,0,0,,6,5,6,5,AM,12,,12.0
5901,4,202049,441-METRO EXPRESS- DTC,0,24453,26177,sjrtd_2015_0127,36000.0,36000.0,3215,1,,0,0,,10,0,10,0,MD,15,,15.0
5901,4,202041,441-METRO EXPRESS- DTC,0,24460,26177,sjrtd_2015_0127,54000.0,54000.0,3215,1,,0,0,,15,0,15,0,PM,9,,9.0
5901,4,202026,441-METRO EXPRESS- DTC,0,24450,26177,sjrtd_2015_0127,70500.0,70500.0,3215,1,,0,0,,19,35,19,35,NT,1,1.0,1.0
5901,4,202062,442-METRO EXPRESS-RALPH-8TH ST,1,24448,26180,sjrtd_2015_0127,21420.0,21420.0,634,1,,0,0,,5,57,5,57,EA,1,1.0,1.0
5901,4,202072,442-METRO EXPRESS-RALPH-8TH ST,1,24452,26178,sjrtd_2015_0127,21660.0,21660.0,2497,1,,0,0,,6,1,6,1,AM,13,,13.0
5901,4,202080,442-METRO EXPRESS-RALPH-8TH ST,1,24454,26178,sjrtd_2015_0127,36780.0,36780.0,2497,1,,0,0,,10,13,10,13,MD,15,,15.0
5901,4,202085,442-METRO EXPRESS-RALPH-8TH ST,1,24462,26178,sjrtd_2015_0127,54780.0,54780.0,2497,1,,0,0,,15,13,15,13,PM,9,,9.0
5901,4,202070,442-METRO EXPRESS-RALPH-8TH ST,1,24450,26178,sjrtd_2015_0127,69000.0,69000.0,2497,1,,0,0,,19,10,19,10,NT,1,1.0,1.0
5903,4,202220,521-CALIFORNIA-WEST LANE-KAISER,0,24632,26188,sjrtd_2015_0127,23400.0,23400.0,1,1,,0,0,,6,30,6,30,AM,5,,5.0
5903,4,202224,521-CALIFORNIA-WEST LANE-KAISER,0,24632,26188,sjrtd_2015_0127,37920.0,37920.0,1,1,,0,0,,10,32,10,32,MD,5,,5.0
5903,4,202229,521-CALIFORNIA-WEST LANE-KAISER,0,24633,26188,sjrtd_2015_0127,56280.0,56280.0,1,1,,0,0,,15,38,15,38,PM,3,,3.0
5903,4,202233,522-CALIFORNIA-MANTHEY-HONOR FARM,1,24633,26190,sjrtd_2015_0127,23100.0,23100.0,964,1,,0,0,,6,25,6,25,AM,4,,4.0
5903,4,202237,522-CALIFORNIA-MANTHEY-HONOR FARM,1,24633,26190,sjrtd_2015_0127,37800.0,37800.0,964,1,,0,0,,10,30,10,30,MD,5,,5.0
5903,4,202242,522-CALIFORNIA-MANTHEY-HONOR FARM,1,24632,26190,sjrtd_2015_0127,56100.0,56100.0,964,1,,0,0,,15,35,15,35,PM,3,,3.0
5904,4,202245,541-LINCOLN-AMTRAK STATION-DTC,0,24490,26192,sjrtd_2015_0127,21000.0,21000.0,3296,1,,0,0,,5,50,5,50,EA,1,1.0,1.0
5904,4,202246,541-LINCOLN-AMTRAK STATION-DTC,0,24490,26192,sjrtd_2015_0127,23940.0,23940.0,3296,1,,0,0,,6,39,6,39,AM,4,,4.0
5904,4,202250,541-LINCOLN-AMTRAK STATION-DTC,0,24490,26192,sjrtd_2015_0127,39420.0,39420.0,3296,1,,0,0,,10,57,10,57,MD,4,,4.0
5904,4,202254,541-LINCOLN-AMTRAK STATION-DTC,0,24490,26192,sjrtd_2015_0127,55620.0,55620.0,3296,1,,0,0,,15,27,15,27,PM,3,,3.0
5904,4,202257,541-LINCOLN-AMTRAK STATION-DTC,0,24491,26192,sjrtd_2015_0127,71220.0,71220.0,3296,1,,0,0,,19,47,19,47,NT,1,1.0,1.0
5904,4,202258,,1,24490,26194,sjrtd_2015_0127,20100.0,20100.0,2637,1,,0,0,,5,35,5,35,EA,1,1.0,1.0
5904,4,202259,542-SAN JOAQUIN-HOUSTON,1,24490,26193,sjrtd_2015_0127,21840.0,21840.0,2491,1,,0,0,,6,4,6,4,AM,4,,4.0
5904,4,202263,542-SAN JOAQUIN-HOUSTON,1,24490,26193,sjrtd_2015_0127,37260.0,37260.0,2491,1,,0,0,,10,21,10,21,MD,5,,5.0
5904,4,202268,542-SAN JOAQUIN-HOUSTON,1,24490,26193,sjrtd_2015_0127,57360.0,57360.0,2491,1,,0,0,,15,56,15,56,PM,2,,2.0
5904,4,202270,542-SAN JOAQUIN-HOUSTON,1,24491,26193,sjrtd_2015_0127,69060.0,69060.0,2491,1,,0,0,,19,11,19,11,NT,1,1.0,1.0
5905,4,202273,551-MLK BLVD-STANISLAUS-DTC,0,24617,26195,sjrtd_2015_0127,20400.0,20400.0,2647,1,,0,0,,5,40,5,40,EA,1,1.0,1.0
5905,4,202274,551-MLK BLVD-STANISLAUS-DTC,0,24617,26195,sjrtd_2015_0127,23700.0,23700.0,2647,1,,0,0,,6,35,6,35,AM,4,,4.0
5905,4,202278,551-MLK BLVD-STANISLAUS-DTC,0,24617,26195,sjrtd_2015_0127,39000.0,39000.0,2647,1,,0,0,,10,50,10,50,MD,5,,5.0
5905,4,202272,551-MLK BLVD-STANISLAUS-DTC,0,24617,26195,sjrtd_2015_0127,57900.0,57900.0,2647,1,,0,0,,16,5,16,5,PM,3,,3.0
5905,4,202271,551-MLK BLVD-STANISLAUS-DTC,0,24617,26195,sjrtd_2015_0127,68700.0,68700.0,2647,1,,0,0,,19,5,19,5,NT,1,1.0,1.0
5905,4,202285,552-WESTON RANCH,1,24617,26196,sjrtd_2015_0127,19740.0,19740.0,3013,1,,0,0,,5,29,5,29,EA,1,1.0,1.0
5905,4,202286,552-MLK-STANISLAUS-DTC,1,24617,26197,sjrtd_2015_0127,21840.0,21840.0,2493,1,,0,0,,6,4,6,4,AM,4,,4.0
5905,4,202290,552-MLK-STANISLAUS-DTC,1,24617,26197,sjrtd_2015_0127,36900.0,36900.0,2493,1,,0,0,,10,15,10,15,MD,5,,5.0
5905,4,202291,552-MLK-STANISLAUS-DTC,1,24617,26197,sjrtd_2015_0127,55800.0,55800.0,2493,1,,0,0,,15,30,15,30,PM,4,,4.0
5906,4,202301,,0,24493,26198,sjrtd_2015_0127,33300.0,33300.0,3330,1,,0,0,,9,15,9,15,AM,3,,3.0
5906,4,202302,,0,24493,26198,sjrtd_2015_0127,38100.0,38100.0,3330,1,,0,0,,10,35,10,35,MD,4,,4.0
5906,4,202306,,0,24493,26198,sjrtd_2015_0127,56340.0,56340.0,3330,1,,0,0,,15,39,15,39,PM,4,,4.0
5906,4,202314,,1,24493,26201,sjrtd_2015_0127,22680.0,22680.0,3196,1,,0,0,,6,18,6,18,AM,3,,3.0
5906,4,202317,,1,24493,26201,sjrtd_2015_0127,36000.0,36000.0,3196,1,,0,0,,10,0,10,0,MD,4,,4.0
5906,4,202321,,1,24493,26201,sjrtd_2015_0127,54240.0,54240.0,3196,1,,0,0,,15,4,15,4,PM,4,,4.0
5907,4,202337,602-MONTE DIABLO-PIXIE WOODS,0,24497,26205,sjrtd_2015_0127,25500.0,25500.0,2493,1,,0,0,,7,5,7,5,AM,5,,5.0
5907,4,202331,603-MONTE DIABLO-PIXIE WOODS via LINCOLN WATERFRONT,0,24495,26204,sjrtd_2015_0127,46200.0,46200.0,2493,1,,0,0,,12,50,12,50,MD,4,,4.0
5907,4,202334,603-MONTE DIABLO-PIXIE WOODS via LINCOLN WATERFRONT,0,24496,26204,sjrtd_2015_0127,57000.0,57000.0,2493,1,,0,0,,15,50,15,50,PM,3,,3.0
5907,4,202343,603-MONTE DIABLO-PIXIE WOODS via LINCOLN-WATERFRONT,1,24497,26209,sjrtd_2015_0127,22680.0,22680.0,2852,1,,0,0,,6,18,6,18,AM,5,,5.0
5907,4,202347,603-MONTE DIABLO-PIXIE WOODS via LINCOLN-WATERFRONT,1,24495,26209,sjrtd_2015_0127,44100.0,44100.0,2852,1,,0,0,,12,15,12,15,MD,3,,3.0
5907,4,202350,603-MONTE DIABLO-PIXIE WOODS via LINCOLN-WATERFRONT,1,24496,26209,sjrtd_2015_0127,54900.0,54900.0,2852,1,,0,0,,15,15,15,15,PM,4,,4.0
5908,4,202357,613-QUAIL LAKES-MALL,0,24499,26211,sjrtd_2015_0127,20760.0,20760.0,3263,1,,0,0,,5,46,5,46,EA,1,1.0,1.0
5908,4,202358,614-FONTANA-COUNTRY CLUB-ROBINHOOD-MALLS,0,24500,26210,sjrtd_2015_0127,22200.0,22200.0,2577,1,,0,0,,6,10,6,10,AM,4,,4.0
5908,4,202362,614-FONTANA-COUNTRY CLUB-ROBINHOOD-MALLS,0,24500,26210,sjrtd_2015_0127,36900.0,36900.0,2577,1,,0,0,,10,15,10,15,MD,5,,5.0
5908,4,202367,614-FONTANA-COUNTRY CLUB-ROBINHOOD-MALLS,0,24491,26210,sjrtd_2015_0127,54300.0,54300.0,2577,1,,0,0,,15,5,15,5,PM,4,,4.0
5908,4,202354,614-FONTANA-COUNTRY CLUB-MALLS,0,24498,26212,sjrtd_2015_0127,69000.0,69000.0,2577,1,,0,0,,19,10,19,10,NT,1,1.0,1.0
5908,4,202372,SOUTHBOUND DOWNTOWN TRANSIT CENTER ARR A,1,24500,26213,sjrtd_2015_0127,20760.0,20760.0,2924,1,,0,0,,5,46,5,46,EA,1,1.0,1.0
5908,4,202373,612-QUAIL LAKES-PERSHING-COUNTRY CLUB-DTC,1,24499,26214,sjrtd_2015_0127,22200.0,22200.0,2854,1,,0,0,,6,10,6,10,AM,4,,4.0
5908,4,202377,612-QUAIL LAKES-PERSHING-COUNTRY CLUB-DTC,1,24501,26214,sjrtd_2015_0127,36900.0,36900.0,2854,1,,0,0,,10,15,10,15,MD,5,,5.0
5908,4,202370,612-QUAIL LAKES-PERSHING-COUNTRY CLUB-DTC,1,24437,26214,sjrtd_2015_0127,54900.0,54900.0,2854,1,,0,0,,15,15,15,15,PM,4,,4.0
5908,4,202369,SOUTHBOUND DOWNTOWN TRANSIT CENTER ARR A,1,24498,26217,sjrtd_2015_0127,71400.0,71400.0,2854,1,,0,0,,19,50,19,50,NT,1,1.0,1.0
5909,4,202384,632-BEN HOLT-DOUGLAS-PERSHING-MALLS,0,24502,26218,sjrtd_2015_0127,21900.0,21900.0,1622,1,,0,0,,6,5,6,5,AM,4,,4.0
5909,4,202387,632-BEN HOLT-DOUGLAS-PERSHING-MALLS,0,24441,26218,sjrtd_2015_0127,47100.0,47100.0,1622,1,,0,0,,13,5,13,5,MD,2,,2.0
5909,4,202389,632-BEN HOLT-DOUGLAS-PERSHING-MALLS,0,24441,26218,sjrtd_2015_0127,54300.0,54300.0,1622,1,,0,0,,15,5,15,5,PM,4,,4.0
5909,4,202395,631-PERSHING-BEN HOLT-CUMBERLAND,1,24502,26220,sjrtd_2015_0127,24000.0,24000.0,3153,1,,0,0,,6,40,6,40,AM,3,,3.0
5909,4,202396,631-PERSHING-BEN HOLT-CUMBERLAND,1,24441,26220,sjrtd_2015_0127,49200.0,49200.0,3153,1,,0,0,,13,40,13,40,MD,2,,2.0
5909,4,202398,631-PERSHING-BEN HOLT-CUMBERLAND,1,24441,26220,sjrtd_2015_0127,56400.0,56400.0,3153,1,,0,0,,15,40,15,40,PM,3,,3.0
5910,4,202408,661-PONCE DE LEON-LOWER SACRAMENTO-HICKOCK-SPANOS PARK WEST,0,24504,26221,sjrtd_2015_0127,23160.0,23160.0,2540,1,,0,0,,6,26,6,26,AM,2,,2.0
5910,4,202402,661-PONCE DE LEON-LOWER SACRAMENTO-HICKOCK-SPANOS PARK WEST,0,24503,26221,sjrtd_2015_0127,41400.0,41400.0,2540,1,,0,0,,11,30,11,30,MD,3,,3.0
5910,4,202405,661-PONCE DE LEON-LOWER SACRAMENTO-HICKOCK-SPANOS PARK WEST,0,24503,26221,sjrtd_2015_0127,55200.0,55200.0,2540,1,,0,0,,15,20,15,20,PM,3,,3.0
5910,4,202410,662-DAVIS-ROYAL OAKS-HAMMER,1,24504,26222,sjrtd_2015_0127,21060.0,21060.0,2539,1,,0,0,,5,51,5,51,EA,1,1.0,1.0
5910,4,202411,662-DAVIS-ROYAL OAKS-HAMMER,1,24504,26222,sjrtd_2015_0127,24840.0,24840.0,2539,1,,0,0,,6,54,6,54,AM,2,,2.0
5910,4,202413,662-DAVIS-ROYAL OAKS-HAMMER,1,24503,26222,sjrtd_2015_0127,43920.0,43920.0,2539,1,,0,0,,12,12,12,12,MD,3,,3.0
5910,4,202416,662-DAVIS-ROYAL OAKS-HAMMER,1,24503,26222,sjrtd_2015_0127,58020.0,58020.0,2539,1,,0,0,,16,7,16,7,PM,2,,2.0
5911,4,202418,701-EL DORADO-KNICKERBOCKER-HAMMER,0,24618,26223,sjrtd_2015_0127,22800.0,22800.0,2577,1,,0,0,,6,20,6,20,AM,5,,5.0
5911,4,202422,701-EL DORADO-KNICKERBOCKER-HAMMER,0,24618,26223,sjrtd_2015_0127,36900.0,36900.0,2577,1,,0,0,,10,15,10,15,MD,5,,5.0
5911,4,202427,701-EL DORADO-KNICKERBOCKER-HAMMER,0,24619,26223,sjrtd_2015_0127,54900.0,54900.0,2577,1,,0,0,,15,15,15,15,PM,4,,4.0
5911,4,202432,702-EL DORADO-DTC,1,24618,26225,sjrtd_2015_0127,20100.0,20100.0,979,1,,0,0,,5,35,5,35,EA,1,1.0,1.0
5911,4,202433,702-EL DORADO-DTC,1,24619,26225,sjrtd_2015_0127,22500.0,22500.0,979,1,,0,0,,6,15,6,15,AM,4,,4.0
5911,4,202437,702-EL DORADO-DTC,1,24619,26225,sjrtd_2015_0127,36900.0,36900.0,979,1,,0,0,,10,15,10,15,MD,5,,5.0
5911,4,202442,702-EL DORADO-DTC,1,24618,26225,sjrtd_2015_0127,54900.0,54900.0,979,1,,0,0,,15,15,15,15,PM,4,,4.0
5912,4,202448,,0,24573,26322,sjrtd_2015_0127,21480.0,21480.0,1019,1,,0,0,,5,58,5,58,EA,1,1.0,1.0
5912,4,202885,WEST LANE-KAISER,0,24573,26226,sjrtd_2015_0127,23400.0,23400.0,1666,1,,0,0,,6,30,6,30,AM,3,,3.0
5912,4,202449,WEST LANE-KAISER,0,24436,26226,sjrtd_2015_0127,42300.0,42300.0,1666,1,,0,0,,11,45,11,45,MD,3,,3.0
5912,4,202452,WEST LANE-KAISER,0,24436,26226,sjrtd_2015_0127,54300.0,54300.0,1666,1,,0,0,,15,5,15,5,PM,4,,4.0
5912,4,202461,712-WEST LANE-BIANCHI-MALLS,1,24573,26227,sjrtd_2015_0127,21900.0,21900.0,573,1,,0,0,,6,5,6,5,AM,4,,4.0
5912,4,202463,712-WEST LANE-BIANCHI-MALLS,1,24436,26227,sjrtd_2015_0127,40560.0,40560.0,573,1,,0,0,,11,16,11,16,MD,4,,4.0
5912,4,202464,712-WEST LANE-BIANCHI-MALLS,1,24436,26227,sjrtd_2015_0127,56160.0,56160.0,573,1,,0,0,,15,36,15,36,PM,3,,3.0
5919,4,202668,761-EASTLAND PLAZA-SANGUINETTI,0,24628,26241,sjrtd_2015_0127,22800.0,22800.0,2491,1,,0,0,,6,20,6,20,AM,7,,7.0
5919,4,202665,763-WILSON-DTC-LOS ANGELES ST,0,24444,26240,sjrtd_2015_0127,45120.0,45120.0,323,1,,0,0,,12,32,12,32,MD,1,,1.0
5919,4,202666,763-WILSON-DTC-LOS ANGELES ST,0,24522,26240,sjrtd_2015_0127,54120.0,54120.0,323,1,,0,0,,15,2,15,2,PM,4,,4.0
5919,4,202681,762-WILSON-DTC,1,24628,26248,sjrtd_2015_0127,21600.0,21600.0,3037,1,,0,0,,6,0,6,0,AM,7,,7.0
5919,4,202686,763-WILSON-DTC-LOS ANGELES ST,1,24444,26245,sjrtd_2015_0127,42780.0,42780.0,3037,1,,0,0,,11,53,11,53,MD,2,,2.0
5919,4,202680,763-WILSON-DTC-LOS ANGELES ST,1,24522,26245,sjrtd_2015_0127,56280.0,56280.0,3037,1,,0,0,,15,38,15,38,PM,3,,3.0
5920,4,202694,771-EASTLAND PLAZA-FILBERT-WILCOX,0,24526,26249,sjrtd_2015_0127,28800.0,28800.0,2491,1,,0,0,,8,0,8,0,AM,3,,3.0
5920,4,202695,771-EASTLAND PLAZA-FILBERT-WILCOX,0,24436,26249,sjrtd_2015_0127,36900.0,36900.0,2491,1,,0,0,,10,15,10,15,MD,4,,4.0
5920,4,202690,771-EASTLAND PLAZA-FILBERT-WILCOX,0,24434,26249,sjrtd_2015_0127,58200.0,58200.0,2491,1,,0,0,,16,10,16,10,PM,2,,2.0
5920,4,202697,772-WATERLOO-MINER-DTC,1,24438,26252,sjrtd_2015_0127,22200.0,22200.0,3204,1,,0,0,,6,10,6,10,AM,4,,4.0
5920,4,202701,772-WATERLOO-MINER-DTC,1,24525,26252,sjrtd_2015_0127,48000.0,48000.0,3204,1,,0,0,,13,20,13,20,MD,2,,2.0
5920,4,202698,772-WATERLOO-MINER-DTC,1,24525,26252,sjrtd_2015_0127,54900.0,54900.0,3204,1,,0,0,,15,15,15,15,PM,3,,3.0
5923,4,202774,831-MAIN/GERTRUDE,0,24524,26269,sjrtd_2015_0127,21300.0,21300.0,1762,1,,0,0,,5,55,5,55,EA,1,1.0,1.0
5923,4,202772,831-MAIN/GERTRUDE,0,24524,26269,sjrtd_2015_0127,26400.0,26400.0,1762,1,,0,0,,7,20,7,20,AM,4,,4.0
5923,4,202776,831-MAIN/GERTRUDE,0,24524,26269,sjrtd_2015_0127,37200.0,37200.0,1762,1,,0,0,,10,20,10,20,MD,5,,5.0
5923,4,202767,831-MAIN/GERTRUDE,0,24629,26269,sjrtd_2015_0127,55860.0,55860.0,1762,1,,0,0,,15,31,15,31,PM,4,,4.0
5923,4,202779,831-MAIN/GERTRUDE,1,24524,26271,sjrtd_2015_0127,20700.0,20700.0,1720,1,,0,0,,5,45,5,45,EA,1,1.0,1.0
5923,4,202780,832-FARM-MAIN/GERTRUDE,1,24524,26270,sjrtd_2015_0127,24120.0,24120.0,2577,1,,0,0,,6,42,6,42,AM,5,,5.0
5923,4,202784,832-FARM-MAIN/GERTRUDE,1,24524,26270,sjrtd_2015_0127,38760.0,38760.0,2577,1,,0,0,,10,46,10,46,MD,5,,5.0
5923,4,202789,832-FARM-MAIN/GERTRUDE,1,24629,26270,sjrtd_2015_0127,57300.0,57300.0,2577,1,,0,0,,15,55,15,55,PM,3,,3.0
5923,4,202792,832-FARM-MAIN/GERTRUDE,1,24629,26270,sjrtd_2015_0127,69000.0,69000.0,2577,1,,0,0,,19,10,19,10,NT,1,1.0,1.0
5924,4,202794,"854-""B"" STREET-AIRPORT WAY-ACE TRAIN STATION-DTC",0,24575,26272,sjrtd_2015_0127,27900.0,27900.0,3207,1,,0,0,,7,45,7,45,AM,1,,1.0
5924,4,202796,"854-""B"" STREET-AIRPORT WAY-ACE TRAIN STATION-DTC",0,24630,26272,sjrtd_2015_0127,36900.0,36900.0,3207,1,,0,0,,10,15,10,15,MD,2,,2.0
5924,4,202798,"854-""B"" STREET-AIRPORT WAY-ACE TRAIN STATION-DTC",0,24501,26272,sjrtd_2015_0127,56700.0,56700.0,3207,1,,0,0,,15,45,15,45,PM,2,,2.0
5924,4,202800,,1,24575,26273,sjrtd_2015_0127,25500.0,25500.0,2497,1,,0,0,,7,5,7,5,AM,2,,2.0
5925,4,202805,,0,24539,26277,sjrtd_2015_0127,19500.0,19500.0,1532,1,,0,0,,5,25,5,25,EA,1,1.0,1.0
5925,4,202807,,0,24538,26276,sjrtd_2015_0127,26700.0,26700.0,1532,1,,0,0,,7,25,7,25,AM,3,,3.0
5925,4,202804,,0,24542,26276,sjrtd_2015_0127,38100.0,38100.0,1532,1,,0,0,,10,35,10,35,MD,3,,3.0
5925,4,202810,,0,24616,26274,sjrtd_2015_0127,62700.0,62700.0,1532,1,,0,0,,17,25,17,25,PM,1,,1.0
5925,4,202811,,0,24616,26275,sjrtd_2015_0127,72360.0,72360.0,1532,1,,0,0,,20,6,20,6,NT,1,1.0,1.0
5925,4,202820,,1,24544,26278,sjrtd_2015_0127,21300.0,21300.0,2874,1,,0,0,,5,55,5,55,EA,1,1.0,1.0
5925,4,202813,,1,24540,26278,sjrtd_2015_0127,24300.0,24300.0,2874,1,,0,0,,6,45,6,45,AM,2,,2.0
5925,4,202815,,1,24542,26278,sjrtd_2015_0127,42300.0,42300.0,2874,1,,0,0,,11,45,11,45,MD,1,,1.0
5925,4,202816,,1,24543,26278,sjrtd_2015_0127,54900.0,54900.0,2874,1,,0,0,,15,15,15,15,PM,3,,3.0
5925,4,202819,,1,24616,26279,sjrtd_2015_0127,76500.0,76500.0,2493,1,,0,0,,21,15,21,15,NT,1,1.0,1.0
5926,4,202821,,0,24546,26286,sjrtd_2015_0127,20700.0,20700.0,3345,1,,0,0,,5,45,5,45,EA,1,1.0,1.0
5926,4,202826,,0,24550,26285,sjrtd_2015_0127,22500.0,22500.0,3345,1,,0,0,,6,15,6,15,AM,4,,4.0
5926,4,202828,,0,24549,26288,sjrtd_2015_0127,45240.0,45240.0,1669,1,,0,0,,12,34,12,34,MD,3,,3.0
5926,4,202829,,0,24552,26283,sjrtd_2015_0127,62700.0,62700.0,3345,1,,0,0,,17,25,17,25,PM,1,,1.0
5926,4,202831,,0,24552,26282,sjrtd_2015_0127,75120.0,75120.0,1669,1,,0,0,,20,52,20,52,NT,2,1.0,1.0
5926,4,202836,,1,24549,26297,sjrtd_2015_0127,35100.0,35100.0,2874,1,,0,0,,9,45,9,45,AM,2,,2.0
5926,4,202834,,1,24549,26294,sjrtd_2015_0127,42900.0,42900.0,2874,1,,0,0,,11,55,11,55,MD,2,,2.0
5926,4,202838,,1,24552,26292,sjrtd_2015_0127,67320.0,67320.0,1674,1,,0,0,,18,42,18,42,PM,3,,3.0
5926,4,202839,,1,24552,26293,sjrtd_2015_0127,73500.0,73500.0,2493,1,,0,0,,20,25,20,25,NT,1,1.0,1.0
5927,4,202840,932-DOWNTOWN STOCKTON via PACIFIC,0,24544,26299,sjrtd_2015_0127,18000.0,18000.0,1430,1,,0,0,,5,0,5,0,EA,1,1.0,1.0
5927,4,202841,933-DELTA COLLEGE via PACIFIC,0,24554,26301,sjrtd_2015_0127,23400.0,23400.0,1430,1,,0,0,,6,30,6,30,AM,3,,3.0
5927,4,202843,932-DOWNTOWN STOCKTON,0,24556,26300,sjrtd_2015_0127,36000.0,36000.0,1430,1,,0,0,,10,0,10,0,MD,2,,2.0
5927,4,202845,933-DELTA COLLEGE via PACIFIC,0,24558,26302,sjrtd_2015_0127,69600.0,69600.0,1430,1,,0,0,,19,20,19,20,NT,1,1.0,1.0
5927,4,202847,931-LODI STATION,1,24554,26303,sjrtd_2015_0127,19800.0,19800.0,2497,1,,0,0,,5,30,5,30,EA,1,1.0,1.0
5927,4,202848,931-LODI STATION,1,24555,26303,sjrtd_2015_0127,23400.0,23400.0,2497,1,,0,0,,6,30,6,30,AM,3,,3.0
5927,4,202851,931-LODI STATION,1,24557,26304,sjrtd_2015_0127,43200.0,43200.0,2497,1,,0,0,,12,0,12,0,MD,2,,2.0
5927,4,202853,931-LODI STATION,1,24560,26304,sjrtd_2015_0127,54900.0,54900.0,2497,1,,0,0,,15,15,15,15,PM,2,,2.0
5927,4,202854,931-LODI STATION,1,24558,26307,sjrtd_2015_0127,73020.0,73020.0,1674,1,,0,0,,20,17,20,17,NT,1,1.0,1.0
5928,4,202856,974-STOCKTON-AIRPORT-TRACY,0,24561,26308,sjrtd_2015_0127,21900.0,21900.0,3196,1,,0,0,,6,5,6,5,AM,2,,2.0
5928,4,202858,974-STOCKTON-AIRPORT-TRACY,0,24562,26308,sjrtd_2015_0127,50700.0,50700.0,3196,1,,0,0,,14,5,14,5,MD,1,,1.0
5928,4,202859,,0,24563,26309,sjrtd_2015_0127,66000.0,66000.0,3196,1,,0,0,,18,20,18,20,PM,1,,1.0
5928,4,202860,973-TRACY TRANSIT STATION,1,24561,26311,sjrtd_2015_0127,25500.0,25500.0,2874,1,,0,0,,7,5,7,5,AM,1,,1.0
5928,4,202861,973-TRACY TRANSIT STATION,1,24562,26311,sjrtd_2015_0127,47700.0,47700.0,2874,1,,0,0,,13,15,13,15,MD,1,,1.0
5928,4,202862,,1,24563,26310,sjrtd_2015_0127,63300.0,63300.0,2493,1,,0,0,,17,35,17,35,PM,1,,1.0
5930,4,202891,,0,24575,26325,sjrtd_2015_0127,22200.0,22200.0,3207,1,,0,0,,6,10,6,10,AM,1,,1.0
5930,4,202892,,1,24537,26326,sjrtd_2015_0127,52200.0,52200.0,2497,1,,0,0,,14,30,14,30,MD,1,,1.0
5930,4,202893,,1,24496,26326,sjrtd_2015_0127,63300.0,63300.0,2497,1,,0,0,,17,35,17,35,PM,1,,1.0
5931,4,202903,511-SJ COUNTY HOSPITAL-MALLS,0,24581,26330,sjrtd_2015_0127,21900.0,21900.0,1,1,,0,0,,6,5,6,5,AM,5,,5.0
5931,4,202906,511-SJ COUNTY HOSPITAL-MALLS,0,24615,26330,sjrtd_2015_0127,39000.0,39000.0,1,1,,0,0,,10,50,10,50,MD,5,,5.0
5931,4,202894,511-SJ COUNTY HOSPITAL-MALLS,0,24600,26330,sjrtd_2015_0127,57300.0,57300.0,1,1,,0,0,,15,55,15,55,PM,3,,3.0
5931,4,202908,515-SJ COUNTY HOSPITAL-WESTON RANCH,0,24600,26329,sjrtd_2015_0127,72900.0,72900.0,1,1,,0,0,,20,15,20,15,NT,2,1.0,1.0
5931,4,202923,512-AMTRAK STATION-SJ COUNTY HOSPITAL,1,24577,26333,sjrtd_2015_0127,24600.0,24600.0,2854,1,,0,0,,6,50,6,50,AM,5,,5.0
5931,4,202911,512-AMTRAK STATION-SJ COUNTY HOSPITAL,1,24577,26333,sjrtd_2015_0127,39300.0,39300.0,2854,1,,0,0,,10,55,10,55,MD,5,,5.0
5931,4,202918,512-AMTRAK STATION-SJ COUNTY HOSPITAL,1,24614,26333,sjrtd_2015_0127,57600.0,57600.0,2854,1,,0,0,,16,0,16,0,PM,3,,3.0
5931,4,202920,512-AMTRAK STATION-SJ COUNTY HOSPITAL,1,24600,26332,sjrtd_2015_0127,69300.0,69300.0,2854,1,,0,0,,19,15,19,15,NT,1,1.0,1.0
5932,4,202925,801-PERSHING-MALLS,0,24577,26335,sjrtd_2015_0127,21600.0,21600.0,1108,1,,0,0,,6,0,6,0,AM,6,,6.0
5932,4,202929,801-PERSHING-MALLS,0,24498,26335,sjrtd_2015_0127,37500.0,37500.0,1108,1,,0,0,,10,25,10,25,MD,8,,8.0
5932,4,202938,801-PERSHING-MALLS,0,24582,26335,sjrtd_2015_0127,55500.0,55500.0,1108,1,,0,0,,15,25,15,25,PM,5,,5.0
5932,4,202958,802-POCK-ORO,1,24498,26340,sjrtd_2015_0127,20700.0,20700.0,2854,1,,0,0,,5,45,5,45,EA,1,1.0,1.0
5932,4,202944,802-POCK-ORO,1,24582,26340,sjrtd_2015_0127,23400.0,23400.0,2854,1,,0,0,,6,30,6,30,AM,5,,5.0
5932,4,202948,802-POCK-ORO,1,24582,26340,sjrtd_2015_0127,37500.0,37500.0,2854,1,,0,0,,10,25,10,25,MD,9,,9.0
5932,4,202954,802-POCK-ORO,1,24498,26340,sjrtd_2015_0127,55500.0,55500.0,2854,1,,0,0,,15,25,15,25,PM,5,,5.0
5932,4,202957,,1,24498,26339,sjrtd_2015_0127,74100.0,74100.0,2497,1,,0,0,,20,35,20,35,NT,1,1.0,1.0
